escalabilidad = tiempo secuencial / tiempo paralelo

n = 512
-------------------
TS = 0.3711
1
2,00263741780114
2,32344291667336
2,34358327631248
2,36358327631248
2,54000221467219
2,54000221467219
2,68
2,23557108783647
2,43557108783647
2,63557108783647
2,73557108783647


n = 1024
-------------------
TS = 10.4624
1
1,75158359062832
2,82240954643671
3,97720169387533
4,41206582822772
5,65007176982658
5,85007176982658
6,05007176982658
6,89737560668699
7,39903733155226
8,42649328562029
8,60394378023807

n = 1280
-------------------
TS = 20.63
1
1,78300894673266
2,68093986537303
3,80565466463088
4,45158204407351
5,1031832781223
5,51630431600632
6,57232044192862
6,8053878290854
7,72132572658493
7,92132572658493
8,60036240469305